 200 0.0530375 0.945262
 200 0.0530375 0.943742
 200 0.0530375 0.94124
 200 0.0530375 0.937758
 200 0.0530375 0.933294
 200 0.0530375 0.92785
 200 0.0530375 0.921424
 200 0.0530971 0.914084
 200 0.0536319 0.90629
 200 0.0550212 0.898643
 200 0.0574806 0.892195
 200 0.0605177 0.887411
 200 0.0639906 0.884717
 200 0.0678308 0.883485
 200 0.072009 0.882944
 200 0.076527 0.882813
 200 0.0813891 0.882881
 200 0.0866026 0.883008
 200 0.0921746 0.883113
 200 0.0981097 0.883162
 200 0.10441 0.883146
 200 0.111077 0.883072
 199.999 0.118109 0.882957
 199.999 0.125506 0.882816
 199.999 0.133267 0.882664
 199.999 0.141391 0.882515
 199.999 0.149877 0.882377
 199.998 0.158726 0.882253
 199.998 0.167938 0.882145
 199.998 0.177512 0.882052
 199.997 0.187422 0.881927
 199.997 0.197711 0.881837
 199.997 0.208368 0.881779
 199.996 0.219388 0.88174
 199.996 0.230769 0.881712
 199.995 0.242509 0.881778
 199.995 0.25461 0.881881
 199.994 0.267073 0.882041
 199.993 0.279896 0.882218
 199.993 0.293082 0.882286
 199.992 0.30663 0.882204
 199.991 0.320539 0.882108
 199.991 0.334812 0.882017
 199.99 0.349452 0.881909
 199.989 0.364452 0.881819
 199.988 0.379822 0.881954
 199.987 0.395544 0.882188
 199.986 0.411639 0.882343
 199.985 0.428125 0.882526
 199.984 0.444944 0.88266
 199.983 0.462123 0.882679
 199.982 0.479656 0.882694
 199.98 0.497557 0.882718
 199.979 0.515809 0.882636
 199.978 0.534421 0.882505
 199.976 0.553399 0.882425
 199.975 0.57274 0.882312
 199.973 0.592445 0.882112
 199.972 0.612504 0.881835
 199.97 0.632928 0.881779
 199.968 0.653721 0.882009
 199.967 0.674853 0.882174
 199.965 0.696335 0.8822
 199.963 0.718186 0.882165
 199.961 0.740406 0.882157
 199.959 0.762994 0.882138
 199.957 0.785919 0.882154
 199.955 0.809197 0.882209
 199.953 0.832838 0.882201
 199.951 0.856845 0.882174
 199.949 0.88121 0.882151
 199.947 0.905939 0.882165
 199.945 0.931053 0.882234
 199.942 0.956504 0.882211
 199.94 0.982294 0.882076
 199.937 1.00847 0.882055
 199.935 1.03498 0.882091
 199.932 1.06184 0.882122
 199.93 1.08909 0.882252
 199.927 1.1167 0.882402
 199.924 1.14468 0.882603
 199.922 1.17302 0.882758
 199.919 1.20175 0.882852
 199.916 1.23087 0.883057
 199.913 1.26035 0.883254
 199.909 1.29018 0.88343
 199.906 1.32037 0.883553
 199.903 1.351 0.883692
 199.9 1.38201 0.883956
 199.896 1.41339 0.884129
 199.893 1.44514 0.884244
 199.889 1.47726 0.884258
 199.886 1.50975 0.8843
 199.882 1.5426 0.884288
 199.878 1.57581 0.884205
 199.874 1.60938 0.884219
 199.87 1.64331 0.884226
 199.866 1.67761 0.884208
 199.862 1.71226 0.884229
 199.858 1.74728 0.884237
 199.853 1.78266 0.884235
 199.849 1.8184 0.884182
 199.845 1.85451 0.884181
 199.84 1.89096 0.884117
 199.835 1.92778 0.8841
 199.831 1.96495 0.884065
 199.826 2.0025 0.884105
 199.821 2.0404 0.88416
 199.816 2.07866 0.884188
 199.811 2.11728 0.884189
 199.806 2.15626 0.884085
 199.8 2.19559 0.884078
 199.795 2.23528 0.884072
 199.79 2.27533 0.884066
 199.784 2.31574 0.884061
 199.778 2.35649 0.884043
 199.773 2.39761 0.884053
 199.767 2.43908 0.884065
 199.761 2.48091 0.884012
 199.755 2.5231 0.884014
 199.749 2.56564 0.884012
 199.743 2.60854 0.88406
 199.737 2.6518 0.884056
 199.73 2.69541 0.884085
 199.724 2.73937 0.884069
 199.717 2.78369 0.88407
 199.711 2.82836 0.884091
 199.704 2.87338 0.884072
 199.697 2.91875 0.884032
 199.69 2.96446 0.883988
 199.683 3.01054 0.883974
 199.676 3.05695 0.883954
 199.669 3.1037 0.8839
 199.662 3.15083 0.883942
 199.654 3.19831 0.883945
 199.647 3.24613 0.884005
 199.639 3.2943 0.884034
 199.631 3.34282 0.884052
 199.623 3.39169 0.884022
 199.615 3.44091 0.883969
 199.607 3.49048 0.883972
 199.599 3.5404 0.883955
 199.591 3.59067 0.883958
 199.582 3.64128 0.883948
 199.574 3.69224 0.883979
 199.565 3.74354 0.883939
 199.557 3.79519 0.883938
 199.548 3.84718 0.883943
 199.539 3.89952 0.883927
 199.53 3.95219 0.88385
 199.52 4.00521 0.883824
 199.511 4.05858 0.883854
 199.502 4.1123 0.883908
 199.492 4.16634 0.883886
 199.482 4.22074 0.883851
 199.472 4.27547 0.883847
 199.462 4.33054 0.88384
 199.452 4.38596 0.883833
 199.442 4.44171 0.883887
 199.432 4.4978 0.883899
 199.421 4.55424 0.883898
 199.411 4.61101 0.883885
 199.4 4.66811 0.883845
 199.389 4.72556 0.883847
 199.378 4.78334 0.88388
 199.367 4.84146 0.883859
 199.356 4.89991 0.883871
 199.344 4.9587 0.88386
 199.333 5.01783 0.883846
 199.321 5.07728 0.883815
 199.309 5.13707 0.883816
 199.298 5.19719 0.88379
 199.285 5.25765 0.883788
 199.273 5.31844 0.88376
 199.261 5.37957 0.883734
 199.248 5.44102 0.883723
 199.236 5.50281 0.883707
 199.223 5.56492 0.883708
 199.21 5.62737 0.883735
 199.197 5.69014 0.883762
 199.184 5.75324 0.883802
 199.17 5.81667 0.883813
 199.157 5.88042 0.883781
 199.143 5.94451 0.883774
 199.129 6.00891 0.883737
 199.115 6.07365 0.883737
 199.101 6.1387 0.883724
 199.087 6.20409 0.883725
 199.072 6.26979 0.883735
 199.058 6.33583 0.883716
 199.043 6.40218 0.883732
 199.028 6.46885 0.883762
 199.013 6.53585 0.883784
 198.998 6.60316 0.883773
 198.982 6.6708 0.883762
 198.967 6.73875 0.883707
 198.951 6.80703 0.883688
 198.935 6.87561 0.88366
 198.919 6.94452 0.883677
 198.903 7.01375 0.883666
 198.886 7.08329 0.883637
 198.87 7.15315 0.883653
 198.853 7.22333 0.883667
 198.836 7.29382 0.883664
 198.819 7.36462 0.88363
 198.802 7.43574 0.883628
 198.784 7.50717 0.883641
 198.767 7.57891 0.883657
 198.749 7.65095 0.883606
 198.731 7.7233 0.883568
 198.713 7.79598 0.883587
 198.695 7.86896 0.883574
 198.676 7.94223 0.883495
 198.658 8.01583 0.883494
 198.639 8.08974 0.883486
 198.62 8.16396 0.883519
 198.601 8.23849 0.883541
 198.581 8.31333 0.883552
 198.562 8.38847 0.883577
 198.542 8.46392 0.883597
 198.522 8.53966 0.883582
 198.502 8.61571 0.883563
 198.482 8.69207 0.883548
 198.461 8.76872 0.88354
 198.44 8.84569 0.883552
 198.42 8.92295 0.883534
 198.398 9.00052 0.883504
 198.377 9.07839 0.88346
 198.356 9.15657 0.883465
 198.334 9.23504 0.883459
 198.312 9.31381 0.88347
 198.29 9.39287 0.883448
 198.268 9.47222 0.883464
 198.246 9.55189 0.883494
 198.223 9.63184 0.883521
 198.2 9.7121 0.883523
 198.177 9.79264 0.883505
 198.154 9.87348 0.883512
 198.131 9.95462 0.883481
 198.107 10.0361 0.883458
 198.084 10.1178 0.883435
 198.06 10.1998 0.883375
 198.035 10.2821 0.883416
 198.011 10.3647 0.883462
 197.986 10.4476 0.883499
 197.962 10.5308 0.883478
 197.937 10.6143 0.883451
 197.912 10.698 0.883402
 197.886 10.7821 0.883373
 197.861 10.8665 0.883363
 197.835 10.9511 0.883336
 197.809 11.036 0.883328
 197.783 11.1212 0.883301
 197.757 11.2068 0.883301
 197.73 11.2926 0.883364
 197.703 11.3786 0.883412
 197.676 11.465 0.88342
 197.649 11.5517 0.883421
 197.622 11.6386 0.883395
 197.594 11.7258 0.883381
 197.566 11.8134 0.883391
 197.539 11.9011 0.883337
 197.51 11.9892 0.883285
 197.482 12.0776 0.883282
 197.454 12.1663 0.883272
 197.425 12.2552 0.88323
 197.396 12.3444 0.883206
 197.367 12.4339 0.883237
 197.337 12.5237 0.883335
 197.308 12.6138 0.883357
 197.278 12.7041 0.883366
 197.248 12.7948 0.883338
 197.218 12.8857 0.88325
 197.188 12.9769 0.883189
 197.157 13.0684 0.883195
 197.127 13.1601 0.883223
 197.096 13.2521 0.883221
 197.065 13.3444 0.883228
 197.034 13.437 0.883259
 197.002 13.5298 0.883256
 196.971 13.6229 0.883227
 196.939 13.7162 0.883173
 196.907 13.8098 0.883138
 196.875 13.9036 0.883145
 196.842 13.9976 0.883155
 196.81 14.0919 0.883145
 196.777 14.1865 0.883099
 196.744 14.2812 0.883082
 196.711 14.3762 0.883059
 196.678 14.4714 0.883039
 196.645 14.5669 0.883014
 196.612 14.6625 0.883015
 196.578 14.7584 0.883012
 196.544 14.8545 0.882953
 196.51 14.9508 0.882945
 196.476 15.0473 0.882883
 196.442 15.144 0.882904
 196.408 15.2409 0.882919
 196.373 15.3381 0.882917
 196.339 15.4354 0.882848
 196.304 15.5329 0.882788
 196.269 15.6306 0.882761
 196.234 15.7285 0.882759
 196.199 15.8266 0.882715
 196.163 15.9249 0.882694
 196.128 16.0233 0.882689
 196.092 16.122 0.882686
 196.057 16.2208 0.882695
 196.021 16.3198 0.882704
 195.985 16.419 0.882666
 195.949 16.5184 0.882668
 195.913 16.6179 0.882635
 195.877 16.7176 0.882621
 195.84 16.8175 0.882633
 195.804 16.9175 0.882642
 195.768 17.0177 0.88262
 195.731 17.1181 0.882552
 195.694 17.2186 0.882512
 195.658 17.3193 0.882495
 195.621 17.4202 0.882483
 195.584 17.5212 0.882448
 195.547 17.6224 0.882468
 195.51 17.7237 0.882498
 195.472 17.8252 0.882527
 195.435 17.9269 0.882509
 195.398 18.0287 0.882466
 195.361 18.1306 0.882454
 195.323 18.2327 0.882389
 195.286 18.335 0.882351
 195.248 18.4373 0.882338
 195.211 18.5399 0.882276
 195.173 18.6426 0.882242
 195.135 18.7454 0.882209
 195.098 18.8484 0.882225
 195.06 18.9515 0.882242
 195.022 19.0548 0.882259
 194.984 19.1582 0.882306
 194.946 19.2618 0.88231
 194.909 19.3654 0.882238
 194.871 19.4693 0.882158
 194.833 19.5733 0.882124
 194.795 19.6774 0.882108
 194.757 19.7816 0.882126
 194.719 19.886 0.882149
 194.681 19.9905 0.882126
 194.643 20.0952 0.882161
 194.605 20.2 0.882218
 194.567 20.3049 0.882242
 194.529 20.41 0.882231
 194.491 20.5152 0.8822
 194.454 20.6205 0.88213
 194.416 20.726 0.882064
 194.378 20.8315 0.882063
 194.34 20.9373 0.882085
 194.302 21.0431 0.882068
 194.264 21.1491 0.882031
 194.227 21.2552 0.881997
 194.189 21.3614 0.882013
 194.151 21.4678 0.881996
 194.114 21.5743 0.881983
 194.076 21.6809 0.881949
 194.038 21.7876 0.881905
 194.001 21.8945 0.881885
 193.963 22.0015 0.881884
 193.926 22.1087 0.881867
 193.889 22.2159 0.881847
 193.851 22.3233 0.881892
 193.814 22.4308 0.881925
 193.777 22.5384 0.881913
 193.74 22.6462 0.881878
